Linear:
   R²   mean=0.8163, folds=[0.8083 0.8373 0.8402 0.8367 0.8118 0.8179 0.7836 0.7981 0.8031 0.8265]
   MSE  mean=16.4841, folds=[13.2205 14.9284 14.6929 15.6593 16.2825 15.936  19.8929 18.3038 19.0693
 16.8559]
   RMSE mean=4.0528, folds=[3.636  3.8637 3.8331 3.9572 4.0352 3.992  4.4602 4.2783 4.3668 4.1056]
Poly deg=2:
   R²   mean=0.8617, folds=[0.8284 0.8947 0.8705 0.8698 0.8678 0.8701 0.845  0.8689 0.8479 0.854 ]
   MSE  mean=12.3734, folds=[11.8328  9.6622 11.9072 12.4813 11.4356 11.3654 14.2449 11.8872 14.732
 14.1851]
   RMSE mean=3.5111, folds=[3.4399 3.1084 3.4507 3.5329 3.3817 3.3713 3.7742 3.4478 3.8382 3.7663]
Poly deg=3:
   R²   mean=0.8824, folds=[0.852  0.9098 0.8923 0.8836 0.8963 0.8844 0.8713 0.8945 0.8728 0.8674]
   MSE  mean=10.5235, folds=[10.2059  8.2778  9.9077 11.1622  8.9726 10.1178 11.8346  9.5634 12.3141
 12.8787]
   RMSE mean=3.2367, folds=[3.1947 2.8771 3.1477 3.341  2.9954 3.1808 3.4401 3.0925 3.5092 3.5887]
Ridge α=1:
   R²   mean=0.8164, folds=[0.8095 0.8378 0.8392 0.8363 0.8132 0.8172 0.7837 0.7986 0.8025 0.826 ]
   MSE  mean=16.4828, folds=[13.1379 14.8875 14.7826 15.6963 16.1604 15.9933 19.8817 18.2623 19.1256
 16.9003]
   RMSE mean=4.0526, folds=[3.6246 3.8584 3.8448 3.9619 4.02   3.9992 4.4589 4.2734 4.3733 4.111 ]
Lasso α=0.1:
   R²   mean=0.8164, folds=[0.8087 0.8376 0.8399 0.8365 0.8125 0.8177 0.7837 0.7983 0.8029 0.8264]
   MSE  mean=16.4788, folds=[13.1891 14.9036 14.7191 15.6742 16.2264 15.9521 19.8867 18.2872 19.0869
 16.8628]
   RMSE mean=4.0521, folds=[3.6317 3.8605 3.8366 3.9591 4.0282 3.994  4.4594 4.2764 4.3689 4.1064]
ElasticNet:
   R²   mean=0.8164, folds=[0.8092 0.8377 0.8395 0.8363 0.813  0.8174 0.7837 0.7985 0.8026 0.8262]
   MSE  mean=16.4796, folds=[13.153  14.8892 14.7611 15.6905 16.1762 15.9787 19.8819 18.2692 19.1122
 16.8836]
   RMSE mean=4.0522, folds=[3.6267 3.8587 3.842  3.9611 4.022  3.9973 4.4589 4.2743 4.3717 4.109 ]